Imported legacy source inventory
================================

All file paths are task output links back to legacy/mmb_upgraded sources.
No source files were copied or transformed by this task.

              group                    file  size_bytes  rows_sampled columns                                                                                                                                                                                                                                                                                                                                                                                                                                                                                                                                                      column_names  top_level_records
      responses_csv            G_growth.csv       19645           5.0     105                                                                                                                  resulttype, rule, model, shock, variable, 1, 2, 3, 4, 5, 6, 7, 8, 9, 10, 11, 12, 13, 14, 15, 16, 17, 18, 19, 20, 21, 22, 23, 24, 25, 26, 27, 28, 29, 30, 31, 32, 33, 34, 35, 36, 37, 38, 39, 40, 41, 42, 43, 44, 45, 46, 47, 48, 49, 50, 51, 52, 53, 54, 55, 56, 57, 58, 59, 60, 61, 62, 63, 64, 65, 66, 67, 68, 69, 70, 71, 72, 73, 74, 75, 76, 77, 78, 79, 80, 81, 82, 83, 84, 85, 86, 87, 88, 89, 90, 91, 92, 93, 94, 95, 96, 97, 98, 99, 100                NaN
      responses_csv            G_growth.dta       74460           NaN     NaN                                                                                                                                                                                                                                                                                                                                                                                                                                                                                                                                                               NaN                NaN
      responses_csv          G_inertial.csv       19851           5.0     105                                                                                                                  resulttype, rule, model, shock, variable, 1, 2, 3, 4, 5, 6, 7, 8, 9, 10, 11, 12, 13, 14, 15, 16, 17, 18, 19, 20, 21, 22, 23, 24, 25, 26, 27, 28, 29, 30, 31, 32, 33, 34, 35, 36, 37, 38, 39, 40, 41, 42, 43, 44, 45, 46, 47, 48, 49, 50, 51, 52, 53, 54, 55, 56, 57, 58, 59, 60, 61, 62, 63, 64, 65, 66, 67, 68, 69, 70, 71, 72, 73, 74, 75, 76, 77, 78, 79, 80, 81, 82, 83, 84, 85, 86, 87, 88, 89, 90, 91, 92, 93, 94, 95, 96, 97, 98, 99, 100                NaN
      responses_csv          G_inertial.dta       74595           NaN     NaN                                                                                                                                                                                                                                                                                                                                                                                                                                                                                                                                                               NaN                NaN
      responses_csv             G_model.csv       25832           5.0     105                                                                                                                  resulttype, rule, model, shock, variable, 1, 2, 3, 4, 5, 6, 7, 8, 9, 10, 11, 12, 13, 14, 15, 16, 17, 18, 19, 20, 21, 22, 23, 24, 25, 26, 27, 28, 29, 30, 31, 32, 33, 34, 35, 36, 37, 38, 39, 40, 41, 42, 43, 44, 45, 46, 47, 48, 49, 50, 51, 52, 53, 54, 55, 56, 57, 58, 59, 60, 61, 62, 63, 64, 65, 66, 67, 68, 69, 70, 71, 72, 73, 74, 75, 76, 77, 78, 79, 80, 81, 82, 83, 84, 85, 86, 87, 88, 89, 90, 91, 92, 93, 94, 95, 96, 97, 98, 99, 100                NaN
      responses_csv             G_model.dta       74445           NaN     NaN                                                                                                                                                                                                                                                                                                                                                                                                                                                                                                                                                               NaN                NaN
      responses_csv            G_taylor.csv       19729           5.0     105                                                                                                                  resulttype, rule, model, shock, variable, 1, 2, 3, 4, 5, 6, 7, 8, 9, 10, 11, 12, 13, 14, 15, 16, 17, 18, 19, 20, 21, 22, 23, 24, 25, 26, 27, 28, 29, 30, 31, 32, 33, 34, 35, 36, 37, 38, 39, 40, 41, 42, 43, 44, 45, 46, 47, 48, 49, 50, 51, 52, 53, 54, 55, 56, 57, 58, 59, 60, 61, 62, 63, 64, 65, 66, 67, 68, 69, 70, 71, 72, 73, 74, 75, 76, 77, 78, 79, 80, 81, 82, 83, 84, 85, 86, 87, 88, 89, 90, 91, 92, 93, 94, 95, 96, 97, 98, 99, 100                NaN
      responses_csv            G_taylor.dta       74460           NaN     NaN                                                                                                                                                                                                                                                                                                                                                                                                                                                                                                                                                               NaN                NaN
      responses_csv           NK_growth.csv      227780           5.0     105                                                                                                                  resulttype, rule, model, shock, variable, 1, 2, 3, 4, 5, 6, 7, 8, 9, 10, 11, 12, 13, 14, 15, 16, 17, 18, 19, 20, 21, 22, 23, 24, 25, 26, 27, 28, 29, 30, 31, 32, 33, 34, 35, 36, 37, 38, 39, 40, 41, 42, 43, 44, 45, 46, 47, 48, 49, 50, 51, 52, 53, 54, 55, 56, 57, 58, 59, 60, 61, 62, 63, 64, 65, 66, 67, 68, 69, 70, 71, 72, 73, 74, 75, 76, 77, 78, 79, 80, 81, 82, 83, 84, 85, 86, 87, 88, 89, 90, 91, 92, 93, 94, 95, 96, 97, 98, 99, 100                NaN
      responses_csv           NK_growth.dta      151791           NaN     NaN                                                                                                                                                                                                                                                                                                                                                                                                                                                                                                                                                               NaN                NaN
      responses_csv         NK_inertial.csv      214893           5.0     105                                                                                                                  resulttype, rule, model, shock, variable, 1, 2, 3, 4, 5, 6, 7, 8, 9, 10, 11, 12, 13, 14, 15, 16, 17, 18, 19, 20, 21, 22, 23, 24, 25, 26, 27, 28, 29, 30, 31, 32, 33, 34, 35, 36, 37, 38, 39, 40, 41, 42, 43, 44, 45, 46, 47, 48, 49, 50, 51, 52, 53, 54, 55, 56, 57, 58, 59, 60, 61, 62, 63, 64, 65, 66, 67, 68, 69, 70, 71, 72, 73, 74, 75, 76, 77, 78, 79, 80, 81, 82, 83, 84, 85, 86, 87, 88, 89, 90, 91, 92, 93, 94, 95, 96, 97, 98, 99, 100                NaN
      responses_csv         NK_inertial.dta      151203           NaN     NaN                                                                                                                                                                                                                                                                                                                                                                                                                                                                                                                                                               NaN                NaN
      responses_csv            NK_model.csv      214979           5.0     105                                                                                                                  resulttype, rule, model, shock, variable, 1, 2, 3, 4, 5, 6, 7, 8, 9, 10, 11, 12, 13, 14, 15, 16, 17, 18, 19, 20, 21, 22, 23, 24, 25, 26, 27, 28, 29, 30, 31, 32, 33, 34, 35, 36, 37, 38, 39, 40, 41, 42, 43, 44, 45, 46, 47, 48, 49, 50, 51, 52, 53, 54, 55, 56, 57, 58, 59, 60, 61, 62, 63, 64, 65, 66, 67, 68, 69, 70, 71, 72, 73, 74, 75, 76, 77, 78, 79, 80, 81, 82, 83, 84, 85, 86, 87, 88, 89, 90, 91, 92, 93, 94, 95, 96, 97, 98, 99, 100                NaN
      responses_csv            NK_model.dta      127519           NaN     NaN                                                                                                                                                                                                                                                                                                                                                                                                                                                                                                                                                               NaN                NaN
      responses_csv           NK_taylor.csv      210574           5.0     105                                                                                                                  resulttype, rule, model, shock, variable, 1, 2, 3, 4, 5, 6, 7, 8, 9, 10, 11, 12, 13, 14, 15, 16, 17, 18, 19, 20, 21, 22, 23, 24, 25, 26, 27, 28, 29, 30, 31, 32, 33, 34, 35, 36, 37, 38, 39, 40, 41, 42, 43, 44, 45, 46, 47, 48, 49, 50, 51, 52, 53, 54, 55, 56, 57, 58, 59, 60, 61, 62, 63, 64, 65, 66, 67, 68, 69, 70, 71, 72, 73, 74, 75, 76, 77, 78, 79, 80, 81, 82, 83, 84, 85, 86, 87, 88, 89, 90, 91, 92, 93, 94, 95, 96, 97, 98, 99, 100                NaN
      responses_csv           NK_taylor.dta      149556           NaN     NaN                                                                                                                                                                                                                                                                                                                                                                                                                                                                                                                                                               NaN                NaN
      responses_csv           US_growth.csv      303558           5.0     105                                                                                                                  resulttype, rule, model, shock, variable, 1, 2, 3, 4, 5, 6, 7, 8, 9, 10, 11, 12, 13, 14, 15, 16, 17, 18, 19, 20, 21, 22, 23, 24, 25, 26, 27, 28, 29, 30, 31, 32, 33, 34, 35, 36, 37, 38, 39, 40, 41, 42, 43, 44, 45, 46, 47, 48, 49, 50, 51, 52, 53, 54, 55, 56, 57, 58, 59, 60, 61, 62, 63, 64, 65, 66, 67, 68, 69, 70, 71, 72, 73, 74, 75, 76, 77, 78, 79, 80, 81, 82, 83, 84, 85, 86, 87, 88, 89, 90, 91, 92, 93, 94, 95, 96, 97, 98, 99, 100                NaN
      responses_csv           US_growth.dta      176862           NaN     NaN                                                                                                                                                                                                                                                                                                                                                                                                                                                                                                                                                               NaN                NaN
      responses_csv         US_inertial.csv      302156           5.0     105                                                                                                                  resulttype, rule, model, shock, variable, 1, 2, 3, 4, 5, 6, 7, 8, 9, 10, 11, 12, 13, 14, 15, 16, 17, 18, 19, 20, 21, 22, 23, 24, 25, 26, 27, 28, 29, 30, 31, 32, 33, 34, 35, 36, 37, 38, 39, 40, 41, 42, 43, 44, 45, 46, 47, 48, 49, 50, 51, 52, 53, 54, 55, 56, 57, 58, 59, 60, 61, 62, 63, 64, 65, 66, 67, 68, 69, 70, 71, 72, 73, 74, 75, 76, 77, 78, 79, 80, 81, 82, 83, 84, 85, 86, 87, 88, 89, 90, 91, 92, 93, 94, 95, 96, 97, 98, 99, 100                NaN
      responses_csv         US_inertial.dta      179049           NaN     NaN                                                                                                                                                                                                                                                                                                                                                                                                                                                                                                                                                               NaN                NaN
      responses_csv            US_model.csv      301319           5.0     105                                                                                                                  resulttype, rule, model, shock, variable, 1, 2, 3, 4, 5, 6, 7, 8, 9, 10, 11, 12, 13, 14, 15, 16, 17, 18, 19, 20, 21, 22, 23, 24, 25, 26, 27, 28, 29, 30, 31, 32, 33, 34, 35, 36, 37, 38, 39, 40, 41, 42, 43, 44, 45, 46, 47, 48, 49, 50, 51, 52, 53, 54, 55, 56, 57, 58, 59, 60, 61, 62, 63, 64, 65, 66, 67, 68, 69, 70, 71, 72, 73, 74, 75, 76, 77, 78, 79, 80, 81, 82, 83, 84, 85, 86, 87, 88, 89, 90, 91, 92, 93, 94, 95, 96, 97, 98, 99, 100                NaN
      responses_csv            US_model.dta      154026           NaN     NaN                                                                                                                                                                                                                                                                                                                                                                                                                                                                                                                                                               NaN                NaN
      responses_csv           US_taylor.csv      278228           5.0     105                                                                                                                  resulttype, rule, model, shock, variable, 1, 2, 3, 4, 5, 6, 7, 8, 9, 10, 11, 12, 13, 14, 15, 16, 17, 18, 19, 20, 21, 22, 23, 24, 25, 26, 27, 28, 29, 30, 31, 32, 33, 34, 35, 36, 37, 38, 39, 40, 41, 42, 43, 44, 45, 46, 47, 48, 49, 50, 51, 52, 53, 54, 55, 56, 57, 58, 59, 60, 61, 62, 63, 64, 65, 66, 67, 68, 69, 70, 71, 72, 73, 74, 75, 76, 77, 78, 79, 80, 81, 82, 83, 84, 85, 86, 87, 88, 89, 90, 91, 92, 93, 94, 95, 96, 97, 98, 99, 100                NaN
      responses_csv           US_taylor.dta      174617           NaN     NaN                                                                                                                                                                                                                                                                                                                                                                                                                                                                                                                                                               NaN                NaN
      sacratios_csv            G_growth.csv       13389           5.0     105                                                                                                                  resulttype, rule, model, shock, variable, 1, 2, 3, 4, 5, 6, 7, 8, 9, 10, 11, 12, 13, 14, 15, 16, 17, 18, 19, 20, 21, 22, 23, 24, 25, 26, 27, 28, 29, 30, 31, 32, 33, 34, 35, 36, 37, 38, 39, 40, 41, 42, 43, 44, 45, 46, 47, 48, 49, 50, 51, 52, 53, 54, 55, 56, 57, 58, 59, 60, 61, 62, 63, 64, 65, 66, 67, 68, 69, 70, 71, 72, 73, 74, 75, 76, 77, 78, 79, 80, 81, 82, 83, 84, 85, 86, 87, 88, 89, 90, 91, 92, 93, 94, 95, 96, 97, 98, 99, 100                NaN
      sacratios_csv          G_inertial.csv       13461           5.0     105                                                                                                                  resulttype, rule, model, shock, variable, 1, 2, 3, 4, 5, 6, 7, 8, 9, 10, 11, 12, 13, 14, 15, 16, 17, 18, 19, 20, 21, 22, 23, 24, 25, 26, 27, 28, 29, 30, 31, 32, 33, 34, 35, 36, 37, 38, 39, 40, 41, 42, 43, 44, 45, 46, 47, 48, 49, 50, 51, 52, 53, 54, 55, 56, 57, 58, 59, 60, 61, 62, 63, 64, 65, 66, 67, 68, 69, 70, 71, 72, 73, 74, 75, 76, 77, 78, 79, 80, 81, 82, 83, 84, 85, 86, 87, 88, 89, 90, 91, 92, 93, 94, 95, 96, 97, 98, 99, 100                NaN
      sacratios_csv             G_model.csv       15537           5.0     105                                                                                                                  resulttype, rule, model, shock, variable, 1, 2, 3, 4, 5, 6, 7, 8, 9, 10, 11, 12, 13, 14, 15, 16, 17, 18, 19, 20, 21, 22, 23, 24, 25, 26, 27, 28, 29, 30, 31, 32, 33, 34, 35, 36, 37, 38, 39, 40, 41, 42, 43, 44, 45, 46, 47, 48, 49, 50, 51, 52, 53, 54, 55, 56, 57, 58, 59, 60, 61, 62, 63, 64, 65, 66, 67, 68, 69, 70, 71, 72, 73, 74, 75, 76, 77, 78, 79, 80, 81, 82, 83, 84, 85, 86, 87, 88, 89, 90, 91, 92, 93, 94, 95, 96, 97, 98, 99, 100                NaN
      sacratios_csv            G_taylor.csv       13612           5.0     105                                                                                                                  resulttype, rule, model, shock, variable, 1, 2, 3, 4, 5, 6, 7, 8, 9, 10, 11, 12, 13, 14, 15, 16, 17, 18, 19, 20, 21, 22, 23, 24, 25, 26, 27, 28, 29, 30, 31, 32, 33, 34, 35, 36, 37, 38, 39, 40, 41, 42, 43, 44, 45, 46, 47, 48, 49, 50, 51, 52, 53, 54, 55, 56, 57, 58, 59, 60, 61, 62, 63, 64, 65, 66, 67, 68, 69, 70, 71, 72, 73, 74, 75, 76, 77, 78, 79, 80, 81, 82, 83, 84, 85, 86, 87, 88, 89, 90, 91, 92, 93, 94, 95, 96, 97, 98, 99, 100                NaN
      sacratios_csv           NK_growth.csv      209729           5.0     105                                                                                                                  resulttype, rule, model, shock, variable, 1, 2, 3, 4, 5, 6, 7, 8, 9, 10, 11, 12, 13, 14, 15, 16, 17, 18, 19, 20, 21, 22, 23, 24, 25, 26, 27, 28, 29, 30, 31, 32, 33, 34, 35, 36, 37, 38, 39, 40, 41, 42, 43, 44, 45, 46, 47, 48, 49, 50, 51, 52, 53, 54, 55, 56, 57, 58, 59, 60, 61, 62, 63, 64, 65, 66, 67, 68, 69, 70, 71, 72, 73, 74, 75, 76, 77, 78, 79, 80, 81, 82, 83, 84, 85, 86, 87, 88, 89, 90, 91, 92, 93, 94, 95, 96, 97, 98, 99, 100                NaN
      sacratios_csv         NK_inertial.csv      210203           5.0     105                                                                                                                  resulttype, rule, model, shock, variable, 1, 2, 3, 4, 5, 6, 7, 8, 9, 10, 11, 12, 13, 14, 15, 16, 17, 18, 19, 20, 21, 22, 23, 24, 25, 26, 27, 28, 29, 30, 31, 32, 33, 34, 35, 36, 37, 38, 39, 40, 41, 42, 43, 44, 45, 46, 47, 48, 49, 50, 51, 52, 53, 54, 55, 56, 57, 58, 59, 60, 61, 62, 63, 64, 65, 66, 67, 68, 69, 70, 71, 72, 73, 74, 75, 76, 77, 78, 79, 80, 81, 82, 83, 84, 85, 86, 87, 88, 89, 90, 91, 92, 93, 94, 95, 96, 97, 98, 99, 100                NaN
      sacratios_csv            NK_model.csv      180149           5.0     105                                                                                                                  resulttype, rule, model, shock, variable, 1, 2, 3, 4, 5, 6, 7, 8, 9, 10, 11, 12, 13, 14, 15, 16, 17, 18, 19, 20, 21, 22, 23, 24, 25, 26, 27, 28, 29, 30, 31, 32, 33, 34, 35, 36, 37, 38, 39, 40, 41, 42, 43, 44, 45, 46, 47, 48, 49, 50, 51, 52, 53, 54, 55, 56, 57, 58, 59, 60, 61, 62, 63, 64, 65, 66, 67, 68, 69, 70, 71, 72, 73, 74, 75, 76, 77, 78, 79, 80, 81, 82, 83, 84, 85, 86, 87, 88, 89, 90, 91, 92, 93, 94, 95, 96, 97, 98, 99, 100                NaN
      sacratios_csv           NK_taylor.csv      209831           5.0     105                                                                                                                  resulttype, rule, model, shock, variable, 1, 2, 3, 4, 5, 6, 7, 8, 9, 10, 11, 12, 13, 14, 15, 16, 17, 18, 19, 20, 21, 22, 23, 24, 25, 26, 27, 28, 29, 30, 31, 32, 33, 34, 35, 36, 37, 38, 39, 40, 41, 42, 43, 44, 45, 46, 47, 48, 49, 50, 51, 52, 53, 54, 55, 56, 57, 58, 59, 60, 61, 62, 63, 64, 65, 66, 67, 68, 69, 70, 71, 72, 73, 74, 75, 76, 77, 78, 79, 80, 81, 82, 83, 84, 85, 86, 87, 88, 89, 90, 91, 92, 93, 94, 95, 96, 97, 98, 99, 100                NaN
      sacratios_csv           US_growth.csv      310037           5.0     105                                                                                                                  resulttype, rule, model, shock, variable, 1, 2, 3, 4, 5, 6, 7, 8, 9, 10, 11, 12, 13, 14, 15, 16, 17, 18, 19, 20, 21, 22, 23, 24, 25, 26, 27, 28, 29, 30, 31, 32, 33, 34, 35, 36, 37, 38, 39, 40, 41, 42, 43, 44, 45, 46, 47, 48, 49, 50, 51, 52, 53, 54, 55, 56, 57, 58, 59, 60, 61, 62, 63, 64, 65, 66, 67, 68, 69, 70, 71, 72, 73, 74, 75, 76, 77, 78, 79, 80, 81, 82, 83, 84, 85, 86, 87, 88, 89, 90, 91, 92, 93, 94, 95, 96, 97, 98, 99, 100                NaN
      sacratios_csv         US_inertial.csv      310245           5.0     105                                                                                                                  resulttype, rule, model, shock, variable, 1, 2, 3, 4, 5, 6, 7, 8, 9, 10, 11, 12, 13, 14, 15, 16, 17, 18, 19, 20, 21, 22, 23, 24, 25, 26, 27, 28, 29, 30, 31, 32, 33, 34, 35, 36, 37, 38, 39, 40, 41, 42, 43, 44, 45, 46, 47, 48, 49, 50, 51, 52, 53, 54, 55, 56, 57, 58, 59, 60, 61, 62, 63, 64, 65, 66, 67, 68, 69, 70, 71, 72, 73, 74, 75, 76, 77, 78, 79, 80, 81, 82, 83, 84, 85, 86, 87, 88, 89, 90, 91, 92, 93, 94, 95, 96, 97, 98, 99, 100                NaN
      sacratios_csv            US_model.csv      271335           5.0     105                                                                                                                  resulttype, rule, model, shock, variable, 1, 2, 3, 4, 5, 6, 7, 8, 9, 10, 11, 12, 13, 14, 15, 16, 17, 18, 19, 20, 21, 22, 23, 24, 25, 26, 27, 28, 29, 30, 31, 32, 33, 34, 35, 36, 37, 38, 39, 40, 41, 42, 43, 44, 45, 46, 47, 48, 49, 50, 51, 52, 53, 54, 55, 56, 57, 58, 59, 60, 61, 62, 63, 64, 65, 66, 67, 68, 69, 70, 71, 72, 73, 74, 75, 76, 77, 78, 79, 80, 81, 82, 83, 84, 85, 86, 87, 88, 89, 90, 91, 92, 93, 94, 95, 96, 97, 98, 99, 100                NaN
      sacratios_csv           US_taylor.csv      303357           5.0     105                                                                                                                  resulttype, rule, model, shock, variable, 1, 2, 3, 4, 5, 6, 7, 8, 9, 10, 11, 12, 13, 14, 15, 16, 17, 18, 19, 20, 21, 22, 23, 24, 25, 26, 27, 28, 29, 30, 31, 32, 33, 34, 35, 36, 37, 38, 39, 40, 41, 42, 43, 44, 45, 46, 47, 48, 49, 50, 51, 52, 53, 54, 55, 56, 57, 58, 59, 60, 61, 62, 63, 64, 65, 66, 67, 68, 69, 70, 71, 72, 73, 74, 75, 76, 77, 78, 79, 80, 81, 82, 83, 84, 85, 86, 87, 88, 89, 90, 91, 92, 93, 94, 95, 96, 97, 98, 99, 100                NaN
     sacratios_json           G_growth.json     2080160           NaN                                                                                                                                                                                                                                                                                                                                                                                                                                                                                                                                                                                          2.0
     sacratios_json         G_inertial.json     2052570           NaN                                                                                                                                                                                                                                                                                                                                                                                                                                                                                                                                                                                          2.0
     sacratios_json            G_model.json     2108369           NaN                                                                                                                                                                                                                                                                                                                                                                                                                                                                                                                                                                                          2.0
     sacratios_json           G_taylor.json     2052356           NaN                                                                                                                                                                                                                                                                                                                                                                                                                                                                                                                                                                                          2.0
     sacratios_json          NK_growth.json    11235025           NaN                                                                                                                                                                                                                                                                                                                                                                                                                                                                                                                                                                                         32.0
     sacratios_json        NK_inertial.json    11252900           NaN                                                                                                                                                                                                                                                                                                                                                                                                                                                                                                                                                                                         32.0
     sacratios_json           NK_model.json     8818665           NaN                                                                                                                                                                                                                                                                                                                                                                                                                                                                                                                                                                                         25.0
     sacratios_json          NK_taylor.json    11285246           NaN                                                                                                                                                                                                                                                                                                                                                                                                                                                                                                                                                                                         32.0
     sacratios_json          US_growth.json    24767480           NaN                                                                                                                                                                                                                                                                                                                                                                                                                                                                                                                                                                                         46.0
     sacratios_json        US_inertial.json    24618591           NaN                                                                                                                                                                                                                                                                                                                                                                                                                                                                                                                                                                                         46.0
     sacratios_json           US_model.json    19454140           NaN                                                                                                                                                                                                                                                                                                                                                                                                                                                                                                                                                                                         38.0
     sacratios_json          US_taylor.json    23741430           NaN                                                                                                                                                                                                                                                                                                                                                                                                                                                                                                                                                                                         43.0
       bob_var_irfs        bob_var_irfs.csv        1694           5.0       3                                                                                                                                                                                                                                                                                                                                                                                                                                                                                                                                                        Y, PI, RTB                NaN
stationary_var_data stationary_var_data.csv       24749           5.0       5                                                                                                                                                                                                                                                                                                                                                                                                                                                                                                                                _date_, xgap_cbo, rff, pcom, pigdp                NaN
    classifications     classifications.csv      281629           5.0      17 model, borrower_balance_sheet, borrower_balance_sheet_pages, borrower_balance_sheet_mod_evidence, borrower_balance_sheet_reasoning, bank_lending_intermediation, bank_lending_intermediation_pages, bank_lending_intermediation_mod_evidence, bank_lending_intermediation_reasoning, constrained_household_demand, constrained_household_demand_pages, constrained_household_demand_mod_evidence, constrained_household_demand_reasoning, labor_market_friction, labor_market_friction_pages, labor_market_friction_mod_evidence, labor_market_friction_reasoning                NaN
